398
391
384
379
373
368
365
358
352
348
343
338
334
329
325
321
317
313
309
306
302
299
295
292
288
286
283
280
276
274
271
268
266
264
260
258
256
253
251
249
246
244
242
240
238
236
234
231
227
228
226
224
222
221
219
218
215
213
213
211
209
343
440
487
516
535
549
559
568
574
579
584
587
590
593
595
597
599
592
567
548
531
517
503
491
480
469
459
450
441
433
424
416
409
402
395
388
382
376
370
365
360
354
349
344
339
335
331
326
322
318
314
310
306
303
299
296
292
289
286
282
280
276
273
270
267
265
262
259
257
254
252
250
247
245
243
241
239
237
235
232
231
228
226
225
222
222
220
218
216
215
213
211
210
208
331
434
485
514
534
548
558
566
573
578
582
586
590
592
594
596
598
597
582
560
542
526
512
498
487
476
465
455
447
438
429
421
415
406
399
393
386
380
374
368
363
357
352
347
342
338
333
329
324
320
316
312
308
305
301
297
294
291
287
284
281
278
275
272
269
266
264
261
259
256
254
253
249
247
244
242
240
238
236
234
231
229
228
226
224
222
221
219
217
215
214
212
211
209
207
265
403
467
503
526
542
554
564
571
574
581
585
589
591
594
596
597
599
579
557
539
524
509
497
486
474
464
454
445
436
428
420
412
405
398
390
384
379
372
367
361
356
350
346
340
337
332
327
323
319
315
311
307
303
300
296
293
289
286
283
280
277
274
271
268
266
263
259
258
255
253
250
248
246
244
241
239
237
235
233
230
229
227
226
224
222
220
218
216
215
213
211
210
208
206
206
257
397
464
501
524
541
553
562
570
575
580
585
588
591
593
596
597
599
601
586
563
545
529
515
501
490
478
467
458
448
440
431
423
415
408
402
395
388
381
376
370
364
360
354
349
343
339
334
330
326
322
318
313
310
306
302
299
294
292
287
285
282
279
275
273
270
267
265
262
258
257
254
252
250
248
245
243
240
239
236
235
233
230
228
227
225
223
221
220
218
216
215
213
211
209
208
206
205
203
202
321
431
482
512
533
547
558
566
573
578
583
587
590
592
594
597
598
600
601
602
604
605
605
607
607
608
604
578
559
543
528
515
502
491
480
470
460
452
443
435
427
420
412
406
399
392
386
381
375
369
365
359
353
349
344
339
335
331
326
323
319
314
310
307
303
299
297
294
290
287
284
281
278
275
272
270
267
264
262
259
256
254
252
249
248
245
243
241
239
236
235
233
231
229
227
225
343
443
491
519
538
552
562
570
576
582
585
589
592
594
597
598
600
602
603
604
605
606
607
607
607
608
608
587
566
549
535
521
509
497
486
475
465
457
448
439
431
424
417
409
403
396
390
384
378
373
367
362
357
352
347
343
338
333
330
326
321
318
314
310
306
303
300
296
293
290
287
284
280
278
274
272
270
266
264
262
259
256
255
252
250
247
246
243
241
239
237
235
234
232
230
293
420
480
512
533
548
559
568
574
580
584
588
591
593
596
598
599
601
602
604
605
606
607
607
608
608
608
605
579
560
544
530
516
504
493
482
472
463
454
445
437
429
422
415
407
401
395
388
382
377
371
366
361
355
351
346
342
337
331
329
325
320
317
313
310
306
303
299
296
292
289
286
283
280
277
274
272
269
266
264
261
259
256
255
252
249
248
244
243
241
239
237
235
233
231
229
228
226
225
322
434
485
516
536
550
561
569
576
581
585
589
592
594
596
599
600
602
603
604
604
606
607
606
607
608
609
584
564
548
532
519
507
495
484
474
464
455
446
438
430
423
416
409
402
396
390
383
378
372
367
362
357
351
347
342
338
334
329
325
321
317
314
310
306
303
299
296
292
289
286
283
280
278
275
272
269
267
264
262
260
257
254
252
250
248
246
243
240
239
237
235
256
394
466
505
529
546
558
564
574
579
584
588
591
594
596
598
600
601
602
604
605
605
606
607
608
608
608
609
610
597
574
556
541
526
514
502
490
480
469
461
452
444
436
428
421
414
406
400
394
388
382
377
370
365
360
355
351
346
341
337
332
328
324
320
317
313
309
306
302
299
296
293
289
286
283
280
277
274
271
269
266
263
262
259
257
254
252
250
247
246
243
241
239
237
235
233
231
322
435
487
518
538
551
562
571
577
582
586
590
593
595
597
599
601
602
601
604
605
606
607
607
608
609
609
610
586
566
549
534
521
508
497
486
476
466
457
448
440
432
425
417
410
403
397
391
385
379
374
368
363
359
352
348
344
338
335
330
327
322
319
315
310
307
304
300
297
294
291
287
285
282
279
276
273
270
268
266
263
260
258
256
253
251
249
246
244
242
240
238
236
234
330
440
491
520
539
554
563
572
577
583
587
590
593
596
598
599
601
603
604
606
606
607
608
609
609
610
610
611
600
576
558
543
529
516
504
493
482
473
463
454
445
438
430
422
415
408
402
395
389
383
378
372
367
362
356
352
347
343
338
334
330
325
322
318
313
310
307
303
299
296
293
290
287
284
281
278
275
273
270
267
265
262
259
257
255
252
251
248
246
244
242
240
238
236
234
282
416
478
513
535
550
561
570
577
582
587
591
593
596
598
600
602
604
605
606
607
608
608
609
610
610
611
597
575
557
541
527
514
502
491
480
471
461
452
444
436
429
421
414
407
402
394
388
382
376
371
366
361
356
351
346
341
337
333
329
325
321
317
313
309
306
302
299
295
293
289
286
283
280
278
274
272
269
267
264
262
259
257
254
252
250
248
245
243
241
239
238
238
233
231
230
320
436
489
519
539
553
564
572
579
584
588
592
595
597
599
602
603
605
606
607
608
609
609
610
611
612
612
612
613
588
569
552
537
524
511
500
489
478
469
460
451
443
435
428
420
413
406
400
394
388
382
376
370
365
360
355
351
343
342
337
333
329
325
321
317
313
310
306
303
299
296
293
290
287
284
280
278
275
272
270
267
264
262
260
257
255
252
250
249
246
244
242
240
238
236
234
238
374
460
503
529
547
559
569
576
582
587
590
594
597
600
601
603
605
606
607
608
609
609
610
611
612
613
613
597
575
558
542
528
516
503
492
482
472
463
454
445
438
429
422
415
408
402
396
390
384
378
373
367
362
357
352
348
343
339
334
330
326
322
318
315
311
307
304
300
297
294
290
287
285
282
278
276
273
271
268
265
263
260
258
256
253
251
249
247
244
242
241
239
236
262
403
473
511
534
550
559
570
578
584
588
593
595
599
601
603
605
606
608
609
609
610
611
612
612
613
614
614
597
576
559
544
531
517
505
495
484
474
465
456
448
439
432
424
418
410
404
398
392
386
380
375
368
364
359
354
348
345
341
336
332
328
324
320
316
313
309
306
302
299
296
292
289
286
283
280
277
275
272
269
267
264
262
261
257
254
253
250
247
246
244
241
240
238
236
234
309
434
489
524
542
557
568
576
583
587
591
595
597
601
603
605
606
608
608
610
611
612
613
613
614
615
616
589
569
553
538
524
512
499
487
479
470
460
451
443
435
426
421
414
407
401
395
389
383
377
372
366
361
356
351
347
342
338
333
329
326
322
318
314
309
306
303
300
296
293
290
287
284
281
278
275
273
270
268
265
263
260
258
256
253
251
249
246
244
242
240
238
236
234
233
240
382
464
506
532
549
561
571
578
584
589
593
597
599
602
604
605
606
608
609
610
611
611
612
613
614
614
615
593
572
555
539
527
514
502
491
481
471
462
453
445
437
429
422
415
408
402
395
389
383
378
372
367
362
357
352
347
343
339
334
330
326
323
318
314
311
307
304
300
297
294
291
287
284
281
279
276
272
270
268
265
263
261
258
256
254
251
249
247
245
243
241
239
237
235
233
231
299
428
485
518
540
554
565
574
581
586
590
591
596
599
601
603
606
608
609
610
610
611
612
612
613
614
612
615
615
615
597
576
559
544
530
516
506
494
484
475
465
456
447
440
433
426
420
411
405
399
392
387
381
375
370
365
360
354
350
346
342
337
332
329
325
321
318
314
310
307
303
300
297
294
291
288
284
282
279
276
274
271
269
266
263
260
259
256
253
251
249
247
245
244
247
379
464
506
532
549
561
571
578
584
589
593
597
599
603
605
608
609
611
612
614
615
614
614
615
617
617
618
616
591
572
557
544
530
518
507
495
485
476
467
459
453
443
435
428
421
414
408
402
396
390
385
380
374
369
364
359
355
351
347
343
339
335
329
327
323
320
316
312
310
306
303
301
297
294
291
288
285
283
280
278
274
273
270
268
266
263
261
259
256
255
252
251
248
247
244
333
445
497
527
547
560
566
574
584
583
588
592
597
600
602
604
607
604
605
605
606
607
611
615
608
608
609
596
574
556
541
527
514
502
491
480
470
461
452
444
436
428
421
415
408
401
395
389
383
377
372
367
362
359
351
347
343
339
335
330
327
322
319
315
311
308
304
301
297
295
291
287
285
283
280
277
274
271
269
266
264
261
259
257
255
253
250
248
246
244
242
240
238
236
234
243
382
461
501
527
544
556
565
573
579
584
589
593
597
599
603
606
605
605
605
606
607
608
608
608
609
609
605
580
562
546
531
519
507
496
485
476
466
458
449
441
434
426
419
412
406
400
394
388
383
378
372
367
363
358
353
349
345
341
337
333
329
325
322
318
314
313
308
304
301
299
295
292
289
286
284
282
279
276
274
271
268
267
264
262
260
258
256
254
251
249
248
246
244
242
240
238
236
235
233
282
417
477
511
533
548
559
569
575
581
586
589
593
595
598
599
601
602
589
567
549
533
519
506
495
484
474
464
455
446
438
431
423
416
409
403
397
390
384
379
374
369
364
359
354
349
345
341
337
332
329
324
321
318
314
310
307
304
300
297
294
291
288
286
283
281
278
275
272
270
267
265
263
261
258
256
254
252
250
248
246
244
242
240
239
237
235
233
302
425
481
514
534
550
560
570
576
581
587
590
593
596
597
600
601
601
595
570
552
536
522
510
498
487
477
467
458
449
442
434
426
419
413
406
400
394
388
382
377
371
366
362
357
351
348
343
339
335
332
327
323
320
316
313
310
306
303
300
297
294
291
288
285
283
280
277
275
272
270
267
265
263
260
258
256
254
251
250
247
246
244
242
240
238
237
235
233
231
230
228
241
383
463
502
527
544
557
566
575
581
586
586
589
592
592
595
597
598
580
559
542
526
512
499
488
477
467
458
449
440
432
425
417
410
403
397
390
386
379
374
368
363
358
353
349
344
340
336
332
328
324
320
316
312
309
305
302
299
296
293
290
287
284
281
278
275
273
271
268
266
263
261
259
256
254
252
250
248
246
246
242
240
238
236
235
233
230
229
227
226
224
222
221
220
218
217
215
214
212
228
374
453
494
520
538
551
561
568
575
579
584
587
590
592
594
596
598
598
578
558
540
524
511
498
487
475
466
457
448
439
431
424
417
409
403
396
390
384
378
373
367
362
357
353
347
343
339
335
330
327
323
319
316
311
308
304
302
298
295
292
289
286
283
280
278
275
272
270
267
265
263
259
258
256
253
251
249
247
245
243
241
240
238
236
234
231
230
227
227
225
223
222
221
263
400
466
502
525
541
553
562
569
576
580
584
587
589
592
594
596
598
599
601
602
603
577
558
541
527
514
501
490
479
470
460
451
443
435
428
421
414
407
401
396
389
383
378
372
367
363
358
352
348
344
340
336
332
327
324
321
317
313
310
306
303
300
297
294
291
288
285
283
280
277
275
272
270
267
265
263
260
258
256
254
252
250
248
246
244
241
240
238
236
235
233
231
230
227
226
224
223
223
220
268
403
468
503
526
542
555
564
571
577
582
585
588
591
592
595
596
598
599
600
601
602
602
603
604
605
606
606
600
575
556
541
527
514
502
491
481
471
462
454
446
438
430
423
416
410
403
398
391
386
380
375
370
365
361
356
351
347
343
338
336
330
327
323
319
316
312
309
306
303
299
296
293
290
287
285
282
280
277
274
272
270
267
265
262
260
258
256
254
252
250
247
246
244
242
240
290
416
475
508
530
545
556
565
572
577
583
586
589
592
596
596
598
599
600
601
600
601
602
603
604
605
592
569
552
537
523
510
499
488
478
468
459
450
443
435
427
420
413
407
400
394
388
382
377
372
367
362
358
353
348
344
340
335
332
328
325
320
317
313
310
307
303
300
297
294
291
287
286
283
280
277
275
272
270
267
265
263
260
258
256
254
252
250
247
246
243
243
240
238
236
235
232
231
230
227
298
419
476
509
530
544
556
564
571
577
581
585
587
590
592
595
596
597
600
600
602
602
603
602
603
604
604
605
605
605
606
607
582
562
546
531
519
506
495
485
475
466
457
448
441
433
426
419
412
405
399
393
387
381
377
371
366
362
357
352
348
344
339
335
331
327
324
320
316
313
310
306
303
300
297
294
291
288
285
283
280
277
275
272
270
267
265
262
260
258
256
254
252
275
403
469
505
527
543
555
563
570
576
581
584
587
590
592
595
596
598
600
600
601
603
603
604
605
605
606
606
607
607
594
572
554
540
526
514
502
491
481
472
463
454
446
438
431
424
417
411
405
398
392
387
381
376
371
367
362
357
353
348
344
340
336
332
328
325
321
318
314
311
307
304
301
298
295
292
289
287
284
281
279
276
274
271
269
267
344
447
494
521
540
553
563
571
576
582
586
589
592
594
596
598
599
601
602
603
604
588
567
549
535
521
509
497
485
477
467
458
449
442
434
427
420
413
407
400
394
389
383
378
372
368
363
358
353
349
345
341
337
333
329
325
321
318
314
315
308
304
302
299
295
293
290
287
284
282
279
276
274
271
268
267
264
262
259
258
256
254
251
249
247
246
243
242
240
238
236
235
233
231
230
228
227
225
307
426
480
511
532
547
558
566
573
579
583
587
590
593
596
598
598
596
570
552
535
521
508
496
486
475
465
456
448
440
432
425
417
410
404
398
392
386
381
375
369
365
360
355
350
347
342
338
333
330
326
322
319
315
311
308
304
302
299
295
292
290
286
284
281
278
276
273
271
268
266
264
261
258
257
254
253
250
249
246
245
242
241
239
236
235
233
232
230
228
227
227
366
452
495
522
541
553
563
571
578
583
587
590
592
595
597
598
600
601
600
602
603
588
566
548
534
520
508
495
485
475
465
456
447
439
431
424
417
410
404
399
391
386
380
374
370
364
360
355
351
346
342
338
333
330
327
322
318
315
311
307
304
301
298
295
292
289
286
284
281
278
275
272
270
267
266
263
260
258
256
254
252
250
248
246
244
242
240
238
236
234
232
231
230
227
226
224
222
221
220
218
216
215
214
212
211
210
208
232
384
458
496
523
540
552
562
570
576
581
585
589
592
594
596
598
600
601
602
603
603
603
603
604
605
606
606
607
607
599
575
557
541
527
514
503
492
481
472
463
454
446
438
430
423
416
410
403
397
391
385
380
375
369
367
360
355
351
346
342
338
334
330
326
322
318
315
311
308
304
302
298
295
292
289
287
284
281
278
276
274
271
268
266
264
263
259
257
255
252
251
249
314
433
486
516
536
550
561
568
575
580
584
588
591
593
595
597
599
600
602
603
604
605
605
606
606
607
608
591
569
553
537
523
511
499
489
479
469
460
451
443
436
428
422
416
408
402
395
389
384
378
373
368
363
358
354
351
345
341
336
332
329
325
321
318
313
310
307
304
301
298
294
292
288
286
283
281
278
275
272
270
267
265
263
261
258
256
254
252
250
247
246
244
242
240
238
237
235
281
412
474
509
531
546
558
565
573
579
583
587
590
593
595
596
599
600
601
603
603
604
605
606
606
606
607
608
599
575
557
541
527
515
502
492
481
472
463
454
446
438
430
423
416
410
403
397
391
386
380
375
369
365
360
355
351
346
342
338
334
329
326
322
319
315
314
308
304
301
299
295
292
289
287
284
281
278
276
273
271
269
265
263
261
259
257
254
252
250
249
247
244
242
241
239
237
235
344
445
492
519
538
551
561
569
576
580
585
588
591
593
596
597
599
600
573
554
537
522
509
497
486
475
465
455
447
438
431
423
416
409
402
396
390
384
378
373
368
363
358
353
348
344
339
335
331
327
323
319
316
312
308
305
302
299
295
292
289
286
284
281
278
275
273
270
268
265
263
261
258
256
254
252
250
247
245
243
241
240
238
236
292
419
478
511
532
547
558
566
574
578
583
587
591
593
595
597
598
594
569
549
533
519
506
493
482
472
462
453
444
436
428
421
414
407
400
394
388
381
378
371
365
360
355
351
346
341
337
333
329
325
321
318
314
310
307
303
300
297
293
291
287
284
282
279
276
273
271
269
266
263
261
258
256
254
252
250
248
246
244
242
240
238
236
234
231
231
229
227
225
224
222
221
219
218
216
214
213
211
240
386
462
499
524
541
554
563
571
576
580
585
588
590
593
595
597
599
588
564
546
530
516
502
491
480
470
460
451
442
434
426
419
411
405
398
392
386
380
375
369
364
359
354
349
345
340
336
332
328
324
320
316
313
309
305
302
298
296
292
290
287
284
280
278
275
273
270
267
265
262
260
258
256
254
251
249
246
245
243
241
239
237
235
233
232
230
227
227
225
223
221
239
383
459
498
523
540
553
563
570
576
581
585
588
591
594
594
597
599
575
554
537
522
508
496
485
474
464
455
446
438
430
422
415
406
401
395
388
383
377
371
366
361
356
351
347
342
338
334
329
325
321
318
313
310
307
303
299
296
293
290
287
285
281
279
276
273
270
268
266
264
260
258
256
254
252
250
246
245
243
240
240
238
235
234
231
230
229
227
225
223
222
220
219
217
216
214
318
430
481
512
532
547
557
566
572
578
582
585
589
591
593
596
597
599
600
576
555
539
524
510
498
486
476
465
456
448
439
431
423
416
409
402
396
390
384
378
373
368
363
358
353
347
344
339
335
331
327
323
319
315
311
308
305
302
298
295
292
289
286
283
280
277
275
272
270
267
264
262
261
258
256
253
251
249
247
245
242
241
239
237
235
233
231
230
228
226
225
223
222
220
218
217
215
214
212
219
362
447
491
518
536
549
559
567
573
579
583
586
589
591
593
596
597
598
599
601
601
602
603
604
604
605
606
606
580
561
544
530
517
505
493
482
473
464
455
447
439
431
424
417
410
404
397
392
386
380
375
370
365
361
355
351
346
342
338
334
330
326
322
319
314
311
308
304
302
299
295
293
289
287
284
281
279
276
273
271
269
266
264
261
261
257
254
253
250
248
246
244
242
241
239
265
402
469
505
528
543
555
563
571
576
581
585
588
590
593
595
596
598
599
600
602
603
603
604
605
605
606
589
567
550
535
522
509
498
487
478
468
459
450
442
435
428
421
413
407
401
395
389
383
378
373
367
363
358
353
349
345
340
336
332
328
324
321
318
314
311
307
304
301
297
294
292
288
286
283
280
278
275
272
270
268
265
263
260
258
256
254
252
250
248
246
244
242
241
238
236
235
315
429
482
512
533
547
558
566
573
578
582
586
589
592
593
596
597
599
600
601
602
603
604
605
606
606
606
605
579
561
544
530
517
505
494
484
474
465
456
448
440
432
425
418
411
406
399
393
388
382
377
372
367
362
357
353
348
344
340
336
332
328
324
321
317
314
310
307
303
300
297
294
291
289
286
283
280
278
275
272
270
269
266
263
261
258
256
254
252
250
248
246
244
242
240
346
445
491
519
538
551
561
568
574
580
584
588
590
593
595
596
598
600
601
602
603
604
604
605
606
606
607
608
590
569
552
538
524
512
500
490
479
470
461
453
445
437
430
423
416
409
403
397
391
385
380
375
369
365
360
356
351
347
342
338
335
330
327
324
319
315
312
309
306
303
299
296
293
290
287
285
282
280
277
274
272
269
267
264
262
260
258
256
254
252
247
247
245
244
242
274
406
471
507
529
545
556
565
572
578
582
586
589
592
594
595
597
599
600
601
602
603
604
588
567
549
536
521
508
497
486
476
466
458
448
441
433
426
419
412
406
399
393
387
382
376
371
366
361
357
352
347
344
339
335
331
327
323
320
316
313
309
306
302
300
296
293
290
287
284
282
279
276
274
271
269
267
264
261
259
257
255
253
251
249
246
245
247
377
457
499
524
541
553
563
570
576
581
585
588
591
594
596
597
599
601
601
603
601
575
556
540
526
512
501
489
479
470
461
451
443
435
428
421
414
407
401
395
389
383
378
372
367
363
359
353
348
344
340
335
332
327
323
320
316
313
310
306
303
299
296
293
290
287
285
282
279
277
274
271
269
266
264
261
259
257
255
252
251
248
246
244
242
240
239
236
235
233
232
229
228
226
227
359
450
493
520
538
551
561
569
575
580
584
587
590
592
594
596
598
600
601
602
603
592
569
551
536
522
509
498
487
477
467
458
449
441
434
426
418
411
406
399
392
387
381
376
371
366
361
356
351
347
343
338
334
330
326
323
319
315
311
311
303
301
298
295
292
289
286
283
281
278
275
272
270
267
265
263
260
258
256
253
251
249
246
245
243
241
239
237
236
234
232
230
228
227
224
231
370
453
496
521
539
551
561
569
575
580
584
587
590
593
594
597
598
600
601
597
572
553
537
523
510
498
487
477
466
457
449
441
433
425
418
411
405
399
392
386
380
375
370
365
360
355
350
346
341
337
333
329
325
321
318
314
310
307
304
300
297
294
290
287
285
282
279
277
274
272
269
269
264
261
259
257
255
252
250
248
246
244
242
240
239
236
235
233
230
229
227
226
224
223
222
219
218
216
215
212
211
210
346
441
487
515
534
548
558
566
573
578
582
586
589
591
593
595
597
599
600
601
602
603
604
605
605
606
601
576
557
542
528
515
503
492
482
472
463
454
446
438
431
423
417
410
403
398
392
386
380
375
370
365
359
356
351
346
342
338
334
330
326
322
319
315
311
308
304
301
298
295
292
289
286
283
280
278
275
276
270
268
265
263
260
258
256
254
252
250
247
244
243
241
240
238
236
258
395
464
502
526
543
555
564
571
577
581
586
588
592
594
596
597
599
601
602
602
604
605
605
606
606
606
607
591
570
553
538
524
512
500
490
479
470
461
453
445
437
430
423
415
409
403
397
391
385
380
374
369
364
359
355
351
346
342
338
334
330
326
322
318
315
311
307
304
301
298
295
292
289
286
283
280
278
275
272
270
267
265
263
261
258
256
254
252
250
251
246
244
242
240
238
308
428
483
514
534
548
559
568
574
578
583
587
590
592
594
596
597
599
600
601
602
603
604
605
605
606
606
600
575
557
542
527
515
503
492
482
472
463
455
445
438
431
424
417
410
404
398
391
386
380
375
370
365
360
355
351
346
342
338
334
330
326
322
318
315
311
308
305
301
298
294
292
289
286
283
280
278
275
272
270
267
265
263
259
258
256
254
255
249
247
245
243
241
239
237
240
370
455
497
523
540
552
565
570
576
580
584
588
590
592
595
596
596
599
600
601
602
603
603
604
604
605
605
606
606
607
607
608
608
589
568
552
537
524
510
500
490
479
470
461
453
445
437
430
422
416
409
403
397
391
384
380
375
370
365
359
354
350
346
342
338
334
329
326
322
318
315
311
308
305
301
298
295
292
289
286
283
280
278
275
273
270
267
264
263
260
258
256
254
251
250
358
450
495
521
540
552
562
570
575
580
584
587
590
592
595
597
598
599
600
603
602
603
604
605
606
606
606
580
561
545
531
518
506
495
484
474
465
456
448
440
433
425
418
411
405
399
392
387
381
376
371
366
361
356
351
347
342
338
334
330
326
322
319
315
311
308
305
301
298
295
292
289
286
283
281
278
275
272
270
267
265
262
260
258
256
253
251
249
247
245
243
241
239
237
236
234
362
450
493
520
538
551
560
568
574
579
584
586
590
592
594
595
597
599
600
601
602
603
603
604
604
605
606
607
582
563
546
532
519
507
496
485
475
465
457
449
440
433
425
418
411
405
399
393
387
382
376
371
366
361
356
351
347
343
338
334
331
327
322
319
315
312
308
304
302
299
295
292
289
286
284
280
278
274
273
270
267
266
263
260
258
256
253
252
249
246
245
243
241
239
264
399
467
504
527
543
555
563
570
576
580
584
588
590
593
595
596
597
599
600
601
602
603
604
604
605
606
606
607
582
562
546
532
518
506
495
485
475
466
457
448
440
433
426
419
415
405
399
393
387
382
376
371
366
360
356
351
347
342
338
334
330
326
322
319
315
312
307
304
301
298
295
292
289
286
283
280
277
274
272
270
267
265
262
259
258
255
253
251
249
247
244
243
240
239
280
410
472
506
529
544
555
564
571
577
581
585
588
591
592
594
596
597
599
600
601
602
602
603
603
604
605
606
606
588
567
550
533
521
509
498
487
478
468
459
450
442
434
424
420
413
407
400
394
388
382
377
372
367
361
357
352
348
345
339
334
331
327
323
319
315
311
308
305
302
298
295
292
289
286
283
281
278
275
272
270
267
265
263
260
258
256
254
251
250
247
245
243
241
238
237
235
232
250
387
460
499
523
539
552
561
568
574
579
583
587
589
592
593
595
597
598
599
600
601
602
602
603
604
604
605
593
570
553
537
523
511
499
489
479
469
460
451
443
435
428
420
414
406
400
394
388
382
377
372
366
362
357
352
348
343
339
334
331
327
322
319
315
312
307
305
301
298
295
292
288
286
283
280
277
275
272
269
266
264
261
260
257
255
253
251
248
246
244
242
240
239
236
234
233
231
237
379
454
494
520
538
550
560
567
573
578
582
585
588
590
592
594
595
597
598
599
600
601
602
603
603
604
604
605
605
605
604
578
558
543
528
515
503
493
482
472
463
454
446
438
430
423
416
409
403
397
390
385
380
374
369
363
359
354
349
345
341
336
333
328
325
320
317
313
310
306
303
299
296
293
290
287
284
280
278
276
273
270
268
266
264
261
258
256
254
252
250
247
324
434
484
514
533
547
557
565
571
576
581
584
587
590
592
593
597
597
598
599
600
601
601
602
603
603
604
583
563
546
531
518
506
494
483
473
464
455
447
439
431
423
416
409
403
397
391
385
379
374
368
363
359
354
348
344
340
336
332
327
324
320
315
313
309
305
302
299
296
293
289
287
283
280
278
275
273
270
267
265
262
260
257
255
253
251
249
246
245
243
240
239
236
258
390
461
498
522
539
551
560
568
573
578
582
585
588
590
592
591
595
596
597
599
600
600
601
601
602
603
603
604
604
604
587
565
548
533
520
507
496
486
475
466
456
448
440
432
426
418
411
405
399
392
386
381
375
370
364
360
355
350
346
342
337
333
329
325
321
317
314
310
307
303
300
297
293
290
287
284
281
279
276
273
271
268
266
263
260
259
256
254
252
249
248
245
243
241
239
238
333
436
484
513
531
546
556
564
570
575
579
585
586
588
591
592
594
595
596
598
599
599
600
601
602
602
587
566
548
533
519
506
495
485
474
465
456
447
439
431
424
416
412
403
397
390
385
379
374
368
363
358
353
349
344
340
336
331
327
323
320
316
312
308
304
302
298
295
292
288
286
283
280
276
274
271
269
266
264
262
259
256
254
252
250
248
246
244
239
240
238
236
234
231
291
415
473
506
527
542
553
561
568
574
578
582
584
587
589
591
592
594
596
596
598
599
599
600
601
602
602
602
579
559
543
528
515
503
491
481
471
461
453
444
436
429
421
414
407
401
395
389
384
377
372
367
362
357
351
347
342
338
334
330
326
322
318
315
311
307
304
301
297
294
291
288
285
282
279
277
274
271
268
266
263
261
259
256
254
252
250
247
245
243
241
239
236
236
233
232
230
280
408
468
502
524
541
551
560
567
573
576
581
584
587
589
591
593
594
594
596
598
599
599
600
601
601
602
591
568
550
536
521
508
497
486
476
465
457
448
440
432
425
417
411
404
397
391
386
379
374
368
364
357
354
349
345
341
336
332
328
324
320
316
313
309
305
302
300
295
292
290
286
283
281
278
274
272
269
267
264
262
259
257
255
252
250
247
246
244
242
240
238
236
244
381
456
495
520
537
549
558
566
572
576
581
583
586
588
590
592
593
596
596
598
598
599
599
600
601
602
602
603
602
575
556
540
526
513
501
490
479
469
461
452
444
436
428
421
414
407
400
394
388
382
377
372
366
361
356
351
347
343
338
334
330
326
322
318
314
311
307
304
300
297
294
291
288
284
282
279
276
274
270
268
266
266
261
258
256
254
251
250
247
245
243
241
239
237
235
233
235
361
446
489
515
534
545
556
564
570
575
579
582
585
587
589
591
593
595
595
597
598
598
599
600
600
601
601
588
567
549
533
520
507
496
484
474
465
455
447
439
431
424
416
409
403
397
390
384
379
373
367
363
357
353
348
344
339
335
331
327
323
318
315
311
308
305
301
298
294
291
288
286
283
280
277
274
271
269
266
264
261
259
256
254
251
250
248
246
243
241
240
238
235
234
284
410
470
504
525
540
551
560
567
572
577
581
583
586
589
591
592
594
595
596
597
598
599
600
600
601
601
602
598
573
554
538
524
511
499
488
478
468
459
450
442
434
426
419
411
405
399
393
386
381
375
370
365
360
355
350
347
341
337
333
328
324
320
317
313
309
306
303
299
296
293
290
287
284
281
278
275
272
270
267
265
262
260
257
255
253
251
248
246
244
242
240
238
236
234
239
368
449
492
516
534
547
557
564
570
575
581
583
585
587
590
591
593
594
596
597
598
598
599
600
600
601
585
564
547
531
518
505
493
482
473
463
454
445
437
430
422
415
408
401
395
388
383
377
372
366
361
356
352
347
342
338
334
330
325
322
318
314
310
306
303
300
296
293
290
287
284
281
279
276
273
270
267
265
262
260
258
256
253
251
249
247
244
242
240
238
236
234
232
230
280
410
469
502
524
540
551
559
567
572
577
580
584
587
588
590
592
594
595
596
597
599
599
600
602
601
601
583
562
545
530
516
504
493
482
472
462
453
445
437
429
422
415
407
401
395
389
383
377
372
366
361
356
351
347
342
338
334
329
325
322
318
314
310
307
303
300
296
293
290
287
284
281
279
276
273
270
267
265
263
260
258
254
253
251
249
246
244
242
240
238
236
235
233
231
229
246
384
457
495
519
536
549
558
565
571
576
580
583
586
589
590
592
594
595
596
597
598
599
599
601
601
601
593
569
552
536
522
509
497
486
476
466
457
448
440
432
424
417
410
403
397
391
385
379
374
368
363
358
353
348
344
339
335
331
327
323
319
315
311
307
305
301
298
295
291
288
286
283
280
277
274
272
269
266
264
261
259
256
254
252
250
247
245
243
241
239
237
235
234
231
230
228
237
377
453
493
518
535
547
557
564
570
575
579
583
586
587
590
592
593
595
596
597
598
599
599
600
601
601
593
568
551
535
521
508
496
486
475
465
456
447
439
431
424
416
409
403
396
390
387
379
373
368
362
357
353
348
343
339
334
331
326
322
319
314
311
308
304
301
298
294
291
288
285
282
279
276
273
270
268
266
263
260
258
256
253
251
249
246
245
242
240
238
237
234
233
231
229
243
383
456
494
519
536
548
558
564
571
576
579
583
586
588
590
592
593
594
596
597
598
598
599
601
601
602
597
572
553
537
523
510
498
487
477
467
457
449
440
432
425
418
411
404
397
392
384
380
374
368
363
359
353
349
344
340
336
331
330
323
320
316
312
309
305
302
298
295
292
288
286
283
280
277
274
271
269
266
263
261
259
256
254
252
250
247
245
243
241
240
237
235
305
425
478
508
529
543
554
561
568
574
578
581
585
587
590
591
593
594
595
597
598
599
599
600
601
601
602
603
578
559
542
528
514
502
491
481
471
461
453
444
436
428
421
413
407
401
394
388
383
376
371
366
361
355
351
346
342
338
333
328
326
322
318
314
310
307
304
300
297
294
291
287
284
282
278
276
272
271
267
265
263
260
258
256
253
251
249
247
244
243
241
238
236
235
233
231
229
344
440
485
513
532
545
555
563
570
574
579
582
585
587
590
592
593
594
595
596
598
599
600
600
601
601
602
581
561
544
529
516
503
492
481
471
462
453
444
436
428
421
414
407
401
394
388
382
376
371
366
361
356
351
347
342
338
333
329
326
321
318
314
309
306
303
299
296
293
290
287
284
281
278
275
273
270
267
265
262
260
257
255
253
250
247
246
244
242
240
238
236
234
232
230
263
396
462
499
522
538
546
559
565
570
576
580
584
586
589
591
592
594
595
597
597
597
599
600
600
601
602
602
578
558
542
527
513
502
490
480
469
461
452
443
435
427
420
413
406
400
394
388
382
376
371
365
360
355
351
346
341
337
333
329
324
321
317
313
310
306
303
299
296
293
290
286
284
281
278
275
273
270
267
264
262
259
257
255
255
251
248
246
244
242
239
238
236
234
232
230
311
425
480
508
529
542
554
562
568
574
578
582
584
587
589
591
593
594
596
597
597
599
599
600
601
601
602
582
561
544
529
516
503
494
481
471
461
453
444
436
428
421
414
407
401
394
388
382
377
371
366
361
355
351
347
342
337
333
329
325
320
317
314
310
306
303
299
296
293
290
287
283
281
278
275
273
270
267
265
262
260
257
255
252
251
249
246
244
242
240
238
236
234
232
231
253
389
458
496
520
537
548
558
564
571
576
580
583
586
588
591
592
594
595
596
597
599
598
600
601
601
602
586
564
547
532
517
506
494
483
473
464
455
446
438
430
422
415
408
402
395
392
383
377
372
367
361
357
351
347
342
338
334
330
325
322
319
314
310
307
304
300
296
293
290
287
284
281
278
275
273
270
267
265
262
260
257
256
253
251
249
246
244
241
320
430
481
511
531
544
555
563
570
575
578
582
586
588
590
592
593
595
569
549
532
518
504
492
481
470
460
451
442
433
425
418
410
403
396
390
384
378
372
367
361
356
351
346
342
337
333
328
324
320
315
312
309
306
302
298
295
291
288
285
282
279
276
273
271
271
265
263
260
257
256
253
251
248
246
244
242
240
238
235
234
232
230
228
226
225
223
221
218
217
216
214
212
211
210
208
290
413
469
501
523
538
549
558
564
570
576
579
583
585
587
590
591
593
567
547
530
515
502
489
478
467
457
448
439
430
423
415
408
401
394
388
382
376
370
364
359
354
349
344
339
335
330
326
321
318
314
310
306
303
299
295
292
289
286
283
280
277
273
271
268
265
263
261
258
255
253
251
248
246
244
241
239
240
236
233
232
230
228
226
224
222
221
219
217
215
214
213
211
209
208
251
394
459
495
518
535
547
557
564
570
575
579
582
585
587
589
591
592
594
586
562
543
527
512
499
487
476
466
456
447
438
430
422
414
407
400
393
387
380
375
369
364
359
354
349
344
339
335
330
326
321
318
313
310
306
302
299
295
293
288
286
283
280
276
274
271
269
266
263
260
258
256
253
251
248
247
244
242
240
238
236
233
232
230
228
226
224
223
221
219
220
217
214
213
211
209
208
277
406
466
499
521
537
549
558
565
571
575
579
583
585
588
590
591
592
594
596
571
550
533
519
505
493
481
471
461
451
443
434
426
418
411
404
397
391
384
378
372
367
362
356
350
346
341
337
332
328
324
320
316
312
309
305
301
298
294
291
288
284
282
279
275
273
270
267
264
262
259
256
254
252
250
247
246
244
240
239
237
235
233
231
229
227
226
224
222
222
219
217
216
220
358
443
487
514
532
545
555
565
569
574
578
582
585
587
589
591
592
594
588
563
544
528
513
500
488
477
467
457
447
439
430
422
415
408
400
394
388
381
375
370
364
359
353
349
344
339
335
330
326
324
318
314
310
306
303
299
296
293
290
286
283
280
277
274
272
268
266
263
261
258
256
254
251
249
246
244
242
240
238
236
234
232
230
228
226
225
223
221
219
218
216
214
212
211
210
208
206
205
204
202
201
199
198
203
346
436
481
510
529
543
553
561
567
573
577
584
584
587
589
591
592
594
595
596
597
598
599
599
600
601
601
602
603
603
589
567
549
534
520
507
496
485
474
464
455
447
438
431
422
416
409
403
396
390
384
378
372
367
362
357
352
347
343
339
334
330
326
322
318
314
310
308
303
300
297
294
289
287
284
281
278
276
273
271
268
265
263
260
258
255
253
251
248
247
245
365
452
493
519
536
550
559
566
572
577
580
583
586
588
591
592
595
596
596
593
567
548
532
517
504
492
481
471
463
451
442
434
426
419
412
405
398
391
385
380
374
368
363
359
353
348
343
339
334
330
326
322
318
314
310
307
303
300
296
293
289
286
284
280
278
275
272
269
266
264
261
259
257
254
251
250
247
245
243
241
239
237
234
233
231
229
228
225
223
222
221
219
331
433
480
509
529
542
554
561
568
573
578
581
584
566
544
526
510
496
483
472
460
450
441
432
424
416
407
401
394
387
381
374
369
363
357
352
346
342
337
333
328
324
320
316
315
307
304
300
296
293
289
286
283
280
277
274
271
268
266
262
260
257
255
252
250
247
246
242
241
239
237
234
233
231
229
226
225
223
222
220
218
216
214
213
211
210
208
207
205
203
201
201
199
198
196
262
398
459
496
519
533
547
556
563
569
573
578
581
576
550
530
513
499
485
473
462
452
442
433
424
416
407
400
393
386
380
373
367
362
356
350
345
340
336
331
326
322
318
314
310
306
302
299
295
291
287
284
281
278
275
272
269
268
263
261
258
256
253
250
248
246
244
241
239
237
234
233
231
229
227
225
223
221
219
218
216
214
212
211
209
208
206
205
204
202
200
199
197
196
290
411
466
499
521
537
548
557
563
570
574
578
581
584
587
588
590
592
567
547
529
514
500
488
476
462
456
446
437
428
421
413
405
398
391
385
379
373
367
362
355
351
346
341
336
332
328
323
319
315
311
307
303
299
296
293
289
287
283
281
277
274
271
268
266
263
260
257
255
253
250
251
246
243
241
239
237
235
233
231
229
227
225
223
222
220
218
216
215
212
211
210
271
402
464
498
520
536
548
557
564
570
574
578
581
584
587
588
590
592
593
594
596
590
565
546
530
515
502
490
479
468
459
449
440
432
424
417
409
402
396
389
383
377
371
366
361
356
350
346
341
336
332
327
323
320
316
311
307
304
301
297
294
290
287
284
281
278
275
272
270
267
264
261
259
257
254
252
250
247
245
242
241
239
236
234
232
231
229
229
225
223
222
219
218
216
215
282
409
467
500
522
538
549
558
563
571
575
580
583
585
588
590
592
593
595
596
597
588
564
545
529
515
502
490
479
469
459
450
441
433
425
417
410
403
396
390
383
378
372
367
361
356
351
345
342
337
333
328
324
320
316
312
308
304
301
298
294
291
288
285
282
279
276
273
270
267
265
263
260
257
255
253
250
248
246
244
242
240
238
236
233
232
230
227
226
224
223
221
218
217
216
330
435
481
509
528
544
553
561
568
573
577
580
584
586
588
590
592
593
594
595
597
598
598
599
585
562
544
529
515
502
490
480
469
460
450
442
435
426
418
411
404
398
390
385
379
373
368
362
358
352
347
342
339
334
329
326
322
318
314
310
306
302
299
296
293
290
287
285
280
278
274
272
269
267
265
261
259
256
254
252
249
247
245
243
241
239
237
235
233
231
228
227
226
224
222
291
414
470
503
524
539
550
559
566
571
576
580
583
586
588
590
591
593
596
596
597
579
557
539
524
510
497
486
476
465
455
446
438
430
422
415
407
400
394
387
381
376
370
365
359
354
349
344
340
336
331
327
323
319
315
311
307
303
299
296
293
290
287
284
281
278
275
272
269
267
263
262
259
256
254
252
250
247
245
243
241
239
236
235
233
231
229
228
225
223
222
219
218
217
215
213
323
429
477
507
527
541
552
561
567
572
576
580
583
586
588
590
592
593
595
596
597
597
599
600
600
600
601
602
602
588
567
548
533
519
506
494
484
474
464
455
446
438
430
423
415
408
404
395
389
383
377
372
367
362
356
352
347
342
338
334
329
327
321
318
314
310
307
303
300
296
293
290
287
284
281
278
275
273
270
267
264
262
259
257
254
252
250
248
246
244
242
240
237
236
234
232
230
228
227
226
223
222
219
284
410
468
501
523
539
550
558
566
571
576
580
583
585
588
590
591
593
594
595
596
598
599
600
600
601
601
602
579
559
542
527
514
502
490
482
469
460
451
442
435
427
419
412
406
399
393
386
381
376
369
365
360
355
350
345
341
336
332
328
324
320
316
311
309
304
303
298
295
292
289
285
282
279
277
274
271
269
266
263
261
258
256
254
252
249
247
245
243
241
239
237
235
232
231
333
434
481
511
530
544
554
562
568
573
578
582
584
587
589
591
592
595
595
597
597
598
599
600
600
601
602
592
568
551
535
521
508
496
485
475
465
456
448
439
431
424
417
410
402
396
390
384
378
373
368
362
357
352
347
343
339
333
330
326
322
318
314
311
307
304
301
297
294
291
287
284
282
279
276
272
271
268
265
264
260
257
256
253
251
249
246
244
242
240
239
236
234
232
230
238
373
451
493
518
535
547
557
565
570
575
579
582
586
588
590
592
593
595
596
597
598
599
599
600
601
602
602
589
566
549
533
520
507
495
483
474
464
455
446
438
430
423
416
409
402
396
390
384
379
373
367
362
357
352
348
343
338
334
329
326
322
318
314
311
307
303
300
297
294
290
287
284
281
279
275
274
271
268
265
262
260
258
255
252
251
249
247
244
242
240
239
240
234
231
239
371
451
492
517
533
547
557
564
571
576
579
583
585
588
590
592
593
595
596
597
598
599
600
601
601
601
581
560
543
528
514
501
490
479
469
460
451
442
434
426
419
411
404
398
391
385
380
374
369
363
358
353
347
344
339
335
331
327
323
318
315
311
307
304
300
297
294
290
287
284
281
279
275
272
270
268
265
262
260
257
255
253
250
248
246
244
242
240
237
236
234
231
230
228
227
224
222
221
220
313
426
476
506
526
543
552
560
567
572
576
580
584
586
589
591
592
594
595
595
597
598
599
600
601
601
602
602
603
580
560
543
528
515
502
492
481
471
461
452
444
436
428
420
414
407
400
394
388
382
376
371
366
360
355
350
346
341
337
334
329
324
321
317
313
309
306
303
299
296
293
290
287
284
281
278
275
272
269
267
265
262
259
257
255
252
250
248
246
244
241
240
238
269
400
465
500
523
539
551
560
567
573
576
580
584
587
588
591
592
594
595
596
599
598
599
600
600
601
601
601
602
603
598
573
555
539
524
511
499
488
478
467
459
450
442
434
426
419
411
405
398
392
386
381
375
370
365
359
355
350
345
341
336
332
328
324
320
317
312
309
306
302
299
296
292
289
286
283
280
278
275
272
270
267
264
262
259
257
254
252
250
248
246
243
242
240
238
236
234
232
230
324
430
480
510
530
544
554
562
568
573
578
581
585
588
590
591
592
594
596
597
598
599
600
600
601
602
602
603
603
605
604
604
591
568
551
536
522
509
497
486
476
467
458
449
441
433
425
418
411
405
398
392
385
380
375
370
364
359
354
349
345
341
336
332
328
324
320
318
313
309
305
302
299
295
292
289
286
283
281
278
275
272
270
266
265
262
260
257
255
253
250
363
449
492
519
537
548
558
566
572
576
580
584
587
589
591
593
594
595
597
598
598
600
601
601
602
602
603
603
591
568
551
535
521
509
497
485
475
466
456
448
440
432
423
417
410
403
398
391
385
379
374
368
363
358
353
348
344
339
335
331
327
323
319
315
312
308
304
301
298
295
291
289
286
282
280
277
274
271
269
266
263
261
259
256
254
252
249
248
245
243
241
239
237
235
233
278
409
469
502
525
540
552
561
567
573
577
581
584
587
589
591
593
595
595
597
598
597
599
601
601
602
603
603
575
556
539
525
512
500
489
478
468
459
450
441
434
426
419
411
405
398
392
386
380
374
369
364
359
354
349
344
340
336
331
330
323
319
316
312
308
304
301
298
294
292
288
285
283
280
276
274
271
268
266
263
261
258
256
254
252
249
246
245
243
240
239
237
235
233
231
230
238
377
453
493
518
536
548
558
565
571
576
578
583
586
588
591
592
594
596
596
597
598
599
600
600
601
602
602
603
604
597
573
554
538
525
511
499
488
478
468
458
450
441
433
426
419
412
404
399
392
386
381
375
370
365
359
355
350
345
341
336
332
328
324
320
316
313
309
306
302
299
299
292
289
286
283
280
278
274
271
269
267
265
262
259
257
254
253
250
248
246
244
241
240
238
338
438
484
513
532
545
555
561
570
574
579
582
585
588
590
591
593
595
596
597
598
599
599
600
601
601
602
603
603
604
579
559
543
528
515
502
491
480
471
461
452
444
436
428
421
413
407
400
394
388
382
377
371
366
361
356
351
346
342
337
333
329
325
321
318
313
310
306
303
299
297
293
290
287
284
281
278
275
272
270
267
265
263
260
258
255
253
251
248
246
244
242
240
238
236
235
232
231
229
343
438
483
511
531
544
554
562
569
574
578
582
585
587
589
591
589
594
595
596
597
598
600
599
600
601
601
600
574
555
537
524
511
498
487
477
467
457
448
440
432
425
417
411
404
397
391
384
380
374
368
363
358
353
348
344
340
335
330
327
322
319
314
311
308
304
301
297
294
291
287
285
282
279
276
274
271
268
265
263
260
258
256
253
251
248
247
245
242
240
239
237
234
354
442
486
513
531
544
555
562
568
574
578
582
584
587
589
591
592
594
595
596
597
598
598
600
600
601
601
602
602
603
588
564
548
533
519
507
495
484
474
464
455
447
438
431
423
416
408
402
396
390
384
378
373
367
362
357
352
348
343
338
334
330
326
322
318
315
310
307
303
300
297
294
291
287
285
282
279
276
273
270
268
265
263
260
258
256
253
251
249
246
244
242
240
238
236
234
281
408
468
502
524
540
551
559
567
572
576
580
585
586
588
591
592
594
595
596
597
598
600
599
601
601
602
602
586
564
547
531
518
505
493
482
472
463
454
445
437
429
422
416
408
401
395
389
383
377
372
366
361
356
351
347
342
337
332
329
325
321
317
313
310
306
303
299
296
293
290
287
283
281
278
275
273
270
267
264
262
259
257
254
252
250
248
246
244
241
240
238
235
255
388
458
496
520
537
549
558
565
571
576
579
583
586
588
590
592
594
594
596
597
598
599
600
601
601
601
600
595
571
553
537
523
510
497
487
476
466
457
448
440
432
424
418
410
404
397
391
385
379
373
368
363
358
353
347
343
339
335
331
327
322
319
315
311
308
304
301
297
294
291
288
284
282
279
276
273
271
268
266
263
260
258
256
253
251
249
247
245
242
241
238
237
235
232
231
229
227
331
433
482
511
530
544
554
562
568
574
578
581
585
586
589
591
592
594
595
597
598
599
599
600
600
601
602
583
562
545
530
516
503
492
481
471
461
454
443
435
428
420
413
406
400
394
387
381
376
370
365
360
355
347
345
341
336
332
327
324
320
316
313
309
305
302
299
295
291
289
286
283
280
277
274
271
269
266
264
261
259
256
254
252
250
247
245
243
241
239
237
235
233
270
401
465
500
523
538
550
559
566
570
576
580
583
586
589
591
592
594
593
596
597
599
599
600
600
601
601
602
581
561
544
529
515
503
492
481
470
461
452
444
435
428
420
413
406
400
394
387
381
376
370
365
359
355
350
346
341
337
332
328
324
321
316
313
309
306
302
299
296
292
290
286
283
280
277
274
272
269
267
264
262
259
256
256
252
250
247
245
243
241
239
237
235
233
232
229
228
232
366
447
489
516
533
546
556
563
570
575
579
582
585
587
589
591
593
594
595
597
598
598
599
600
601
601
586
564
547
531
518
504
493
482
472
462
453
444
436
428
421
414
406
400
394
388
382
376
371
365
360
355
350
346
340
336
333
328
324
320
317
312
309
305
301
298
295
292
289
286
283
280
277
275
270
269
266
264
262
258
256
254
251
249
247
245
243
241
239
236
235
233
231
229
263
397
462
498
521
537
549
558
565
571
576
579
583
586
589
590
592
593
595
596
597
598
599
600
601
601
602
602
593
569
552
536
521
509
497
486
475
466
456
448
439
431
424
416
409
402
396
390
384
378
373
367
362
357
352
347
343
338
334
330
327
322
318
314
311
307
303
300
296
293
290
287
284
281
278
276
273
270
267
265
262
259
257
256
253
251
248
246
244
242
240
238
236
234
232
356
444
488
515
533
546
556
563
570
575
580
583
583
588
590
592
593
595
596
598
598
600
600
601
602
603
597
572
553
537
523
510
497
486
476
466
457
448
440
432
424
417
410
403
397
391
384
378
373
368
362
357
353
347
343
338
334
330
326
322
318
314
310
307
303
299
297
293
290
287
284
281
278
275
273
270
267
265
262
260
258
254
253
251
248
246
244
242
240
238
236
234
232
230
229
328
432
481
511
530
544
555
563
569
575
575
582
585
588
591
592
594
595
597
597
598
600
600
601
602
601
603
603
603
581
561
544
529
516
504
492
481
471
462
452
444
436
428
421
413
407
400
394
388
382
376
371
366
360
356
351
345
342
337
333
329
325
321
317
314
309
306
302
299
296
293
289
287
284
280
278
275
272
270
267
264
262
259
257
255
252
250
248
248
244
242
240
238
236
234
282
410
470
504
526
541
553
561
568
574
578
582
585
588
590
592
594
594
597
597
599
600
601
601
602
603
603
575
556
539
525
512
500
489
478
468
459
450
440
433
426
418
412
405
398
392
386
380
374
369
364
358
353
349
344
340
335
331
327
323
320
315
311
307
305
301
297
294
291
287
285
282
279
276
273
271
268
266
263
260
258
256
253
251
248
247
245
243
240
239
237
235
233
231
229
227
226
223
222
284
411
469
503
526
541
552
560
568
574
578
582
585
588
590
592
594
595
596
598
599
600
600
601
602
602
604
591
568
550
535
521
508
496
485
474
464
455
447
438
430
423
416
409
402
396
390
383
378
372
367
362
357
352
347
343
338
334
329
326
321
318
314
310
307
303
299
297
293
290
287
284
281
278
275
273
270
267
265
262
259
257
255
253
251
248
246
244
242
240
238
236
299
423
477
509
529
544
555
564
570
575
579
583
586
589
592
593
595
596
598
598
600
601
601
602
603
603
604
604
605
605
591
569
551
535
522
509
497
487
476
467
457
449
440
432
425
417
411
404
398
391
385
380
374
369
364
358
354
349
344
340
335
332
327
325
320
316
311
309
304
302
298
295
292
288
286
283
279
277
274
270
269
266
264
261
259
256
254
252
250
248
246
243
241
239
238
235
233
350
443
488
516
535
548
557
565
572
577
580
584
587
590
592
593
595
596
598
599
600
600
601
602
602
604
603
585
565
547
532
518
506
494
483
473
463
454
446
437
430
422
415
408
401
395
388
383
377
372
366
361
356
351
347
342
338
333
329
325
321
318
314
310
306
303
300
296
294
289
286
284
281
278
275
272
270
267
265
263
260
257
255
253
251
248
246
244
242
240
238
236
234
232
230
271
404
468
503
525
540
552
561
568
573
577
582
585
587
590
592
594
595
597
597
599
600
600
601
602
603
603
588
566
548
533
519
505
495
484
474
464
455
446
438
430
423
415
408
401
395
389
383
377
371
367
362
356
351
346
342
337
333
329
325
321
317
313
310
306
303
299
295
293
290
287
284
281
279
275
272
270
267
264
262
259
257
254
252
250
248
246
244
256
387
460
499
522
539
552
560
568
573
578
582
586
588
591
592
594
595
597
598
579
558
540
525
510
498
487
476
465
456
445
438
430
422
415
408
401
394
388
382
376
371
365
359
355
349
345
340
336
331
327
323
319
315
311
307
304
300
297
294
291
287
285
282
278
276
272
270
267
265
262
260
257
255
252
250
247
246
244
241
240
237
235
234
231
230
228
227
223
223
221
219
217
225
365
448
490
516
533
547
557
565
570
576
580
583
586
589
591
592
594
596
596
598
599
577
556
539
523
509
497
485
474
464
455
446
437
429
421
414
406
400
393
387
381
375
369
364
359
354
349
344
339
335
331
326
322
318
314
311
306
303
299
296
293
290
286
283
281
277
275
272
269
266
264
261
258
256
253
250
249
247
244
243
240
238
236
234
233
230
228
226
225
223
221
220
218
216
215
258
396
461
497
521
537
549
559
565
571
577
580
583
586
588
591
592
594
596
597
597
598
598
578
557
540
525
511
498
487
476
465
456
447
438
430
422
415
408
401
394
387
380
376
370
364
359
354
349
344
340
335
330
326
322
318
314
310
307
304
300
297
293
290
286
284
280
278
274
272
269
266
262
261
258
256
254
251
249
246
244
242
240
238
236
234
231
230
228
226
225
223
221
219
218
217
214
218
352
442
486
513
532
546
555
563
569
574
578
582
585
587
590
591
593
594
573
552
534
519
505
493
481
470
459
450
440
432
424
416
408
401
394
388
382
375
370
365
358
353
348
343
339
334
330
325
321
317
313
309
305
302
298
294
291
288
285
282
278
276
272
270
267
265
262
260
257
254
251
249
247
245
242
240
238
236
234
231
230
228
226
224
222
221
219
218
215
214
212
210
255
393
459
496
520
537
548
558
565
571
576
580
583
586
588
590
592
594
595
596
597
599
599
600
601
601
602
602
603
586
565
548
532
518
505
494
482
472
462
453
444
436
428
420
413
406
400
393
386
381
375
369
364
359
354
349
344
340
335
331
327
323
319
315
311
307
304
300
297
294
290
288
284
281
278
275
273
269
268
264
262
260
257
255
252
250
247
246
243
241
239
237
235
233
231
229
227
226
224
222
221
219
216
216
303
419
474
506
526
541
552
561
567
573
578
582
584
587
590
591
593
595
596
597
598
599
600
601
602
602
603
584
563
545
530
516
503
492
481
471
461
452
443
435
426
419
412
405
398
392
385
380
374
368
363
358
353
348
343
339
334
330
326
322
318
314
310
307
303
299
296
293
289
287
283
280
277
274
272
269
267
263
261
258
256
254
251
249
247
245
243
242
238
236
234
232
230
228
226
235
372
451
493
518
536
548
559
566
572
576
581
584
586
589
591
593
594
595
597
598
599
600
601
601
602
603
603
590
567
549
533
519
506
494
483
473
463
453
445
436
428
421
413
407
400
393
386
381
375
370
364
359
354
349
345
340
335
331
326
322
318
315
311
307
304
300
297
293
290
287
284
280
278
275
272
269
267
264
261
259
257
254
252
249
247
245
243
240
239
237
235
232
231
229
234
367
449
491
517
535
548
557
565
571
576
580
584
587
589
591
593
594
596
597
599
599
600
600
602
602
602
593
569
551
534
521
507
496
484
474
463
454
445
437
429
421
414
407
400
394
387
381
375
370
365
359
354
349
344
340
336
331
327
323
319
314
311
307
304
300
297
293
290
287
283
281
278
275
272
269
267
264
261
259
256
253
252
249
247
245
243
241
239
237
235
232
231
229
227
225
272
406
466
502
524
540
551
560
567
573
578
581
584
587
589
591
593
593
596
597
599
599
600
600
601
602
603
603
603
577
557
540
525
512
500
488
477
467
457
449
440
432
424
417
410
402
396
390
383
378
372
366
362
356
351
346
342
337
333
328
324
320
316
312
309
305
302
298
294
291
287
285
282
279
276
273
270
268
265
263
260
257
255
253
251
248
246
244
242
240
238
235
233
231
229
227
226
224
307
423
476
507
528
543
554
562
569
574
578
582
584
588
590
592
593
595
596
597
598
599
600
600
601
601
602
602
597
571
552
536
522
509
496
485
475
465
455
447
438
430
422
415
408
401
394
388
382
376
371
366
360
355
350
345
341
336
331
328
324
319
315
311
307
304
301
298
293
291
287
284
281
278
275
272
270
267
264
262
259
257
255
252
249
248
245
243
241
239
237
235
233
231
335
437
486
514
532
546
556
564
570
575
579
583
586
588
590
592
594
595
596
598
598
600
600
601
602
603
603
590
567
549
533
519
506
494
483
472
462
453
444
436
428
420
413
406
399
393
387
381
375
369
364
359
354
349
344
339
334
331
326
322
318
314
310
306
303
299
296
292
290
286
283
280
277
274
271
268
266
263
261
258
256
254
251
248
246
245
243
240
238
236
234
231
230
229
227
308
425
478
510
529
544
554
563
569
574
579
583
586
588
591
592
594
595
596
598
599
598
601
601
602
602
603
603
604
577
557
540
525
512
499
488
477
467
457
448
440
432
424
416
409
402
396
390
383
378
372
366
361
356
350
346
342
337
333
329
324
320
316
313
308
305
301
298
295
291
288
285
281
278
276
273
270
268
265
262
260
258
255
252
250
248
246
244
241
239
334
438
487
515
532
547
558
565
571
576
581
584
587
589
591
593
595
596
597
575
553
536
521
507
494
482
471
461
451
442
434
425
418
410
403
396
390
383
377
371
366
360
355
350
345
340
336
331
327
322
318
314
310
306
303
299
295
292
289
285
282
280
276
273
270
267
265
262
259
256
255
252
249
248
245
243
241
238
236
235
232
230
228
226
225
223
221
219
218
216
214
212
211
308
423
475
506
527
541
552
560
567
573
577
581
584
587
589
591
593
594
596
590
563
544
528
513
500
487
476
465
455
446
437
429
421
413
406
399
392
385
379
373
367
362
356
351
346
341
336
332
327
323
319
315
311
307
303
299
295
292
289
285
283
280
276
273
271
267
265
262
260
257
255
252
250
247
245
243
241
238
236
234
231
230
228
227
224
222
221
218
217
216
214
212
211
209
312
424
475
505
527
541
552
560
567
573
577
580
584
587
589
591
592
594
595
596
593
566
546
530
514
501
489
477
467
457
447
438
429
422
414
406
400
393
386
379
374
367
362
357
352
347
342
337
333
328
324
320
316
311
307
304
300
297
293
290
286
283
280
277
274
271
268
265
262
260
257
255
252
250
247
246
243
241
239
236
234
232
230
228
226
224
223
221
219
218
216
214
212
210
209
208
252
391
458
494
518
535
547
556
564
570
575
579
582
585
587
589
592
593
594
596
573
552
535
519
505
492
480
470
459
449
441
432
424
415
408
401
396
387
381
375
369
363
358
352
347
342
338
333
328
324
320
315
311
307
304
300
296
293
289
286
283
280
277
274
271
268
264
262
260
257
255
252
250
248
245
243
241
238
236
234
232
230
227
226
224
223
221
219
218
215
214
212
211
208
210
342
436
483
511
529
543
554
560
568
573
578
582
584
587
589
591
592
594
594
595
567
547
530
515
501
489
477
466
456
447
438
429
421
413
406
399
392
385
379
372
367
361
356
351
346
341
336
332
327
324
319
314
310
306
303
299
295
291
289
285
282
279
276
273
270
267
264
261
259
256
254
252
249
247
244
241
240
238
236
234
231
230
227
226
224
222
220
218
217
215
213
211
210
208
207
205
204
202
232
377
450
490
515
533
545
556
563
570
575
578
582
556
533
516
501
486
474
462
451
441
432
422
414
406
398
391
384
377
371
364
359
352
348
342
337
332
328
323
318
314
310
305
302
298
294
290
287
283
280
277
274
270
267
264
262
259
256
255
251
248
246
244
242
239
237
234
232
230
228
226
224
223
220
219
216
215
213
211
210
208
207
205
204
201
200
199
197
195
194
193
192
190
286
409
465
499
521
537
548
557
565
570
575
579
582
585
587
590
591
593
568
547
530
514
500
487
475
464
453
444
434
426
417
410
402
395
388
382
375
369
364
358
352
347
342
337
333
328
323
319
314
310
306
303
299
295
292
288
285
281
279
275
272
269
266
263
261
258
256
253
251
248
246
244
241
241
236
234
232
230
229
226
224
222
221
219
216
215
214
212
210
208
207
205
204
202
201
199
199
334
431
480
508
528
542
553
561
567
573
577
581
584
587
589
591
567
545
527
512
498
485
473
462
452
442
433
424
416
408
401
394
387
379
374
368
362
356
351
345
340
336
330
326
322
317
313
308
304
301
297
293
290
286
284
280
276
274
270
268
264
262
259
257
254
252
249
246
244
242
240
238
235
233
231
229
227
225
223
221
220
218
215
214
213
211
209
208
206
204
264
402
463
498
521
537
549
558
565
572
576
580
583
586
588
590
591
593
594
597
597
598
583
559
539
525
511
498
486
474
464
454
445
436
428
419
412
404
397
391
384
379
372
367
361
355
350
345
340
335
331
326
322
318
313
310
306
302
298
295
292
287
285
282
279
275
272
270
266
264
261
258
256
253
251
249
247
244
242
240
238
236
233
231
229
227
224
223
222
220
218
216
214
213
211
216
354
440
485
513
531
545
555
563
569
574
579
582
585
588
590
592
594
595
597
598
599
600
601
581
559
541
526
512
499
487
476
465
456
446
438
429
421
414
406
399
392
386
380
374
368
363
357
352
347
342
338
333
328
324
320
316
312
308
304
301
297
294
290
287
284
281
278
274
271
268
266
263
261
258
256
253
251
248
246
244
241
239
237
235
233
231
229
227
225
223
222
220
218
216
224
364
446
489
516
534
547
557
565
571
576
580
584
587
589
591
593
594
596
597
594
599
600
571
551
534
519
506
493
481
471
460
451
441
433
424
417
409
402
396
388
383
376
371
365
360
354
349
344
339
334
330
326
322
318
314
309
305
302
298
295
291
288
285
282
279
275
272
270
267
264
261
259
256
254
251
249
246
245
242
240
238
236
233
232
230
228
225
224
222
220
219
216
215
213
223
367
447
490
516
534
547
557
564
571
576
580
584
587
589
591
593
595
591
597
599
600
601
601
579
558
541
525
511
498
486
475
465
455
446
437
429
421
413
406
399
392
385
380
374
368
362
357
352
347
342
337
332
328
324
320
315
312
307
304
301
297
293
290
286
284
280
277
274
272
269
266
263
259
258
255
253
251
248
246
244
241
239
237
235
233
231
229
227
225
224
222
219
218
216
214
286
413
471
504
526
541
553
561
568
574
578
582
585
588
590
592
594
596
597
598
599
585
562
543
527
513
499
487
476
465
455
446
437
429
420
413
405
399
391
385
379
373
367
361
356
352
346
342
336
332
327
323
319
314
311
307
303
300
295
292
289
286
283
279
276
274
271
267
265
262
260
258
255
252
250
247
245
243
240
238
236
234
232
230
227
226
224
222
221
219
216
214
214
212
211
209
341
436
484
512
531
545
556
564
570
575
580
584
587
589
591
593
595
596
598
599
600
592
567
547
531
516
503
490
479
468
458
448
440
431
423
415
408
400
394
387
381
375
369
363
358
352
347
343
338
333
328
325
320
316
312
308
305
302
297
293
290
287
284
281
277
274
271
268
266
263
261
258
255
253
250
248
246
243
241
239
237
235
232
231
229
226
225
223
221
219
218
216
214
212
298
421
475
506
527
543
554
562
569
575
579
582
585
588
591
592
595
596
597
598
600
601
601
602
603
604
603
604
605
578
559
541
526
513
500
488
477
467
457
448
440
432
423
416
409
402
395
388
382
377
371
365
360
355
350
345
340
336
331
326
322
318
314
311
307
303
299
296
293
289
286
285
280
277
274
271
269
266
263
260
258
255
252
251
248
246
243
242
239
237
235
233
231
229
228
225
224
224
220
219
217
214
214
211
260
400
463
499
522
539
550
560
567
573
578
582
585
587
590
592
593
595
597
598
599
600
601
601
603
603
604
577
557
538
524
511
498
487
476
465
455
446
438
429
422
414
407
400
393
387
381
374
369
364
358
352
348
343
338
334
329
325
321
317
313
309
305
302
298
294
292
288
285
282
279
276
273
270
267
265
262
259
256
254
252
250
246
245
243
241
238
236
344
441
488
516
534
548
558
565
571
576
581
584
587
590
590
594
595
597
598
599
597
569
549
533
518
504
492
480
469
459
449
440
432
424
416
408
401
395
388
382
375
369
364
359
353
348
343
338
334
330
325
321
316
313
309
305
301
298
294
290
287
285
281
278
274
272
269
267
263
261
258
256
253
251
248
246
244
241
240
237
235
233
231
229
227
225
224
222
220
218
217
215
213
211
210
256
395
460
497
521
537
549
559
566
572
577
581
584
587
589
592
593
595
596
597
598
593
567
548
531
516
502
490
478
467
457
446
439
430
421
414
407
400
392
386
380
374
368
363
357
352
346
342
337
332
328
324
320
316
311
307
303
300
296
293
289
286
283
280
277
274
271
267
265
262
259
257
254
252
249
247
245
241
241
239
236
234
232
230
227
226
224
223
220
219
217
215
214
212
210
298
419
473
504
526
541
552
560
567
573
578
581
585
586
590
591
593
595
596
596
567
547
530
515
501
489
477
466
456
446
437
429
420
413
405
398
391
385
378
372
367
361
355
351
345
340
335
330
326
322
318
314
310
305
302
298
294
291
287
284
281
278
275
272
269
266
263
261
258
256
252
251
248
246
243
241
239
236
234
233
230
229
227
224
223
221
219
218
215
214
211
211
209
212
349
438
484
512
531
542
555
563
569
574
579
582
586
588
591
592
594
595
596
597
598
574
553
535
520
506
493
481
470
460
450
441
432
424
416
408
401
394
387
381
375
369
363
358
352
347
342
338
333
328
324
320
315
311
307
304
300
296
294
291
286
283
280
277
274
271
268
265
262
259
257
255
252
250
247
245
243
241
238
236
234
232
230
228
226
224
223
221
219
217
215
213
211
210
209
207
204
329
430
478
508
528
542
552
561
567
573
577
581
584
587
590
592
593
595
596
575
553
535
519
505
492
480
468
458
448
439
430
422
414
406
400
393
386
379
371
367
361
356
351
345
341
336
331
326
322
318
314
310
306
302
298
294
292
287
285
281
278
275
272
269
267
264
261
258
256
255
251
248
246
244
241
239
237
235
232
231
228
226
225
223
221
219
217
216
214
212
211
209
207
206
204
202
201
333
431
479
508
528
542
553
561
568
573
578
581
585
587
589
591
593
594
576
554
535
519
504
492
479
468
458
448
438
429
421
413
406
398
391
384
378
371
366
361
355
349
344
339
335
330
325
321
317
311
309
304
301
297
293
290
287
284
280
277
274
271
267
265
262
259
257
254
252
249
246
244
242
240
238
236
233
231
229
227
227
223
222
219
218
216
214
212
211
209
208
206
205
203
201
249
390
456
494
518
534
547
557
565
570
575
580
583
586
588
591
591
590
562
542
524
509
496
483
472
461
450
441
432
423
415
407
400
393
386
379
373
367
361
355
350
345
340
335
330
326
321
317
313
309
305
301
297
294
290
286
283
280
277
273
270
268
264
262
259
256
254
251
249
246
244
242
240
237
235
233
231
228
227
225
223
221
219
218
216
214
212
211
209
207
206
204
202
203
204
343
437
482
510
529
543
554
561
568
573
578
582
584
587
589
591
592
594
574
551
533
517
503
490
477
466
455
446
436
428
419
411
404
397
389
382
376
370
364
358
353
347
342
338
333
328
324
320
315
311
307
303
299
296
292
288
285
282
279
276
272
269
266
264
260
258
256
253
250
248
246
243
241
239
237
234
232
230
228
226
224
223
219
218
217
215
213
211
210
208
206
205
203
202
200
282
408
466
499
522
537
549
558
565
571
576
579
583
586
588
590
592
593
572
550
532
516
501
489
476
465
455
445
436
427
418
410
403
396
389
382
376
370
363
358
353
347
342
337
331
327
323
319
314
310
306
302
299
295
291
288
284
280
278
275
272
269
266
263
259
258
255
252
250
247
245
243
240
238
236
234
231
229
228
226
223
222
219
218
216
214
212
211
209
208
206
204
203
201
200
206
348
436
481
510
529
543
552
561
569
573
577
580
584
586
588
590
592
594
595
577
554
535
520
507
492
480
468
458
448
439
430
422
413
406
398
391
385
378
372
366
361
355
350
344
339
335
330
326
321
317
313
308
304
300
296
293
290
286
283
280
277
273
271
268
265
262
259
256
254
251
249
247
244
242
240
237
235
233
231
229
227
225
223
221
219
218
216
214
212
211
209
207
206
204
202
223
368
446
487
514
532
545
555
563
569
574
578
582
585
587
589
592
593
595
579
555
534
520
505
493
480
469
459
448
439
430
422
414
406
399
392
385
378
372
366
360
355
349
344
339
334
330
325
321
317
312
308
304
300
297
293
289
286
283
279
276
273
270
267
265
262
259
256
254
251
248
246
244
241
239
237
235
233
231
229
227
225
222
221
219
217
215
214
212
210
209
207
206
204
204
337
433
480
509
528
543
553
561
568
573
577
581
584
587
589
591
593
588
561
541
524
509
495
483
471
460
450
440
432
423
415
407
399
392
385
379
373
366
360
355
349
344
339
335
330
325
321
317
313
307
304
300
297
293
289
286
282
279
276
273
270
267
264
262
258
256
254
251
248
246
244
241
239
237
235
232
231
228
226
224
223
221
219
216
215
213
211
210
208
207
205
204
202
200
199
198
196
195
193
192
191
189
192
333
429
476
507
526
541
551
560
566
572
576
580
583
586
588
590
592
593
595
596
598
598
599
600
601
601
577
556
539
523
509
496
484
473
463
453
444
435
426
420
411
404
397
390
382
377
371
366
360
355
350
344
340
335
331
326
322
318
313
310
305
302
298
294
291
288
285
281
278
275
272
269
266
264
261
259
255
254
251
249
246
244
241
240
237
237
233
231
229
227
257
392
461
498
522
538
550
559
566
572
577
581
584
567
544
524
508
493
480
468
457
446
436
427
419
410
402
395
388
381
374
368
362
356
350
345
340
335
330
325
321
316
312
308
304
300
296
292
289
285
282
278
275
272
269
266
263
262
257
255
252
250
247
244
242
240
238
236
233
231
229
227
225
223
221
219
218
215
214
212
210
209
207
204
204
203
201
199
198
215
362
442
484
511
530
543
553
562
568
573
577
581
584
586
589
591
592
593
595
596
598
579
556
538
522
507
494
482
471
461
451
441
432
424
416
408
400
394
387
381
374
368
362
357
352
346
342
336
332
327
322
319
314
310
306
303
298
295
291
288
285
281
278
275
272
269
266
263
261
258
255
253
250
248
245
243
241
239
237
235
231
230
228
226
224
222
221
218
217
215
215
212
210
208
206
206
311
423
474
505
525
540
551
560
566
572
576
580
583
586
588
590
592
593
595
596
597
579
556
538
522
507
494
482
471
460
450
441
432
424
415
408
401
394
387
381
374
369
363
358
351
346
342
337
331
327
323
319
314
310
306
303
299
295
292
288
285
282
278
276
272
269
266
264
261
258
255
251
251
248
246
243
241
239
237
235
232
231
228
226
225
223
220
219
217
215
213
212
210
208
216
358
442
484
512
530
543
554
559
568
573
578
581
584
586
589
591
593
593
595
597
574
554
535
520
506
493
481
470
459
449
440
431
423
414
407
400
393
386
381
373
367
361
356
351
345
341
336
331
326
322
318
314
309
305
302
298
294
291
287
284
281
278
275
272
269
266
263
260
256
255
252
250
246
245
243
240
238
236
234
232
230
228
226
224
221
220
218
216
215
213
211
210
208
207
205
203
202
201
198
198
196
195
193
192
191
301
415
468
500
522
539
549
557
564
570
571
579
582
585
588
590
591
593
594
595
596
597
598
599
600
600
601
602
602
603
602
576
556
539
524
510
497
486
475
465
454
446
437
429
420
413
406
399
392
386
379
373
368
363
357
352
346
342
337
333
329
324
320
316
312
308
304
300
297
294
290
287
284
281
277
274
271
269
266
263
261
258
255
253
251
248
245
244
242
239
237
235
233
231
332
434
482
510
531
544
554
563
569
575
579
582
585
587
589
591
593
594
596
597
598
599
599
600
601
602
602
603
582
561
543
527
513
500
489
477
467
457
448
439
431
422
415
408
401
394
387
381
376
369
364
358
353
348
343
340
334
329
325
321
317
313
309
305
302
298
294
291
287
284
282
279
275
272
270
267
264
261
259
256
254
251
249
247
244
242
240
238
236
234
231
230
228
225
225
349
440
485
512
531
545
555
563
569
574
579
582
585
588
590
592
593
595
596
597
598
599
600
601
601
602
594
569
550
533
519
505
493
482
471
461
451
442
434
425
417
410
402
396
389
383
377
372
366
360
355
350
345
340
335
330
326
322
318
314
310
306
302
299
295
292
289
285
283
279
276
273
270
268
265
262
259
256
254
252
249
247
244
243
241
238
237
234
232
230
228
226
224
222
264
398
462
498
521
538
549
559
566
572
576
580
583
586
589
590
593
594
595
597
598
599
599
601
601
602
603
603
582
560
543
527
513
500
488
477
466
456
447
439
430
422
414
408
400
394
387
381
375
369
364
358
353
348
343
338
333
329
324
320
316
313
309
304
301
297
294
289
287
284
281
278
275
272
269
266
264
261
258
256
254
250
250
246
244
242
240
238
235
233
231
230
227
225
223
225
354
441
486
513
532
545
555
563
570
575
579
582
586
588
590
592
594
593
596
597
598
599
600
601
601
602
586
563
545
529
515
502
490
478
468
458
448
439
431
423
415
408
401
394
387
382
375
370
364
358
353
348
343
339
334
329
325
321
317
313
308
305
301
297
294
291
288
284
281
278
274
272
269
267
264
261
259
256
254
251
249
246
244
242
240
237
235
233
231
229
228
225
223
222
223
349
440
485
513
531
545
555
562
569
574
578
582
585
587
589
591
593
596
596
596
598
599
600
600
601
602
602
603
603
593
569
550
534
519
506
494
482
472
462
452
443
434
427
419
411
404
397
391
384
378
372
367
361
355
350
345
341
336
332
327
322
319
315
311
307
303
300
295
292
289
286
282
280
276
274
271
267
265
262
259
257
255
253
250
248
246
243
240
239
237
235
231
230
229
227
226
350
440
486
513
531
545
556
563
570
574
579
580
585
588
590
591
593
595
596
597
598
598
600
600
601
601
589
566
547
531
516
503
491
480
469
459
450
440
432
424
416
407
401
395
388
382
376
370
364
359
354
348
344
339
334
330
325
320
317
313
309
305
301
298
294
291
287
285
281
278
275
272
269
266
264
261
258
256
253
251
249
246
244
241
240
237
236
233
231
229
227
224
223
222
291
416
471
503
525
540
551
560
567
573
576
580
583
586
588
590
593
594
595
597
598
598
600
600
601
602
594
569
549
533
518
505
492
481
470
460
450
441
433
425
417
410
402
396
389
382
376
371
364
359
354
348
344
339
335
330
325
321
317
313
309
305
301
298
294
291
287
284
281
278
275
272
269
267
264
261
259
256
253
251
249
246
244
242
240
238
235
233
231
229
227
226
223
222
220
218
217
245
383
454
493
518
534
547
556
564
570
575
579
581
585
588
590
592
594
595
596
597
598
599
599
601
601
596
569
550
534
519
505
492
481
470
459
448
441
433
425
416
409
402
395
388
382
376
370
364
359
353
349
344
339
334
329
326
321
317
313
309
305
301
297
294
291
288
284
283
278
274
272
269
267
263
261
258
256
253
251
249
247
243
242
239
237
235
233
231
228
227
225
223
221
267
400
462
498
521
537
549
558
565
571
576
580
583
586
588
590
592
594
595
596
597
598
599
600
600
601
602
583
561
543
527
513
498
488
477
466
456
447
438
430
422
415
406
400
393
386
380
374
368
363
358
352
347
342
337
333
328
324
320
315
312
308
304
300
297
293
289
287
284
280
277
274
271
268
266
263
259
258
255
253
252
247
246
243
240
239
237
235
233
231
229
227
225
223
221
220
246
384
454
494
518
535
547
557
564
570
575
579
583
585
588
590
592
593
594
596
597
598
599
599
601
601
601
593
569
549
533
518
504
492
481
470
460
450
441
433
424
417
409
402
395
389
382
376
370
365
360
354
349
343
339
335
330
327
322
318
313
309
306
302
298
294
291
288
285
281
278
276
272
269
267
264
261
259
256
253
251
249
246
244
242
240
238
236
233
231
229
227
224
223
222
220
218
216
215
213
327
429
477
506
527
541
552
560
567
572
576
580
584
586
588
591
592
593
595
596
597
597
598
599
600
601
580
559
541
525
511
498
486
475
464
455
445
437
428
420
412
405
398
391
385
378
372
367
361
356
351
345
341
336
330
327
323
319
314
310
306
303
299
296
292
289
286
282
280
276
273
270
267
264
262
259
256
254
251
249
247
245
242
240
238
236
234
231
230
228
226
345
439
484
511
529
544
554
562
569
574
578
581
584
587
589
591
592
593
595
596
597
598
599
600
600
601
601
602
580
559
541
525
511
498
487
476
465
455
446
438
429
421
413
406
399
393
386
379
374
368
362
357
352
347
342
337
332
328
324
320
315
311
308
304
300
297
293
290
285
283
280
277
274
271
268
266
263
260
259
255
252
250
248
246
243
241
239
238
235
232
230
229
259
392
460
496
519
536
548
557
564
570
575
579
582
585
588
589
591
593
595
569
548
530
515
501
488
475
465
454
445
435
427
419
410
403
396
389
383
376
370
364
359
353
348
343
338
333
328
324
320
315
311
307
303
299
296
292
288
286
282
279
276
272
270
267
264
261
259
256
253
251
248
246
243
241
239
237
235
232
231
229
226
225
222
220
219
217
215
214
212
210
209
207
206
204
213
355
438
481
509
528
541
551
560
568
571
575
580
582
585
587
589
591
592
575
552
534
518
503
491
478
467
456
446
437
428
419
411
403
397
389
383
376
370
364
359
353
347
342
337
332
327
323
319
315
310
306
302
298
295
292
288
284
281
278
275
272
268
266
263
260
257
254
252
249
247
245
242
240
238
236
234
231
230
227
226
225
221
219
218
216
213
212
211
209
207
206
204
202
201
317
421
472
502
523
537
548
557
563
569
574
577
581
584
586
588
590
592
565
544
526
510
494
483
472
460
450
440
431
422
414
406
399
391
385
378
372
366
360
354
349
344
338
334
328
324
320
315
311
307
303
299
295
292
288
285
281
278
275
272
269
266
263
260
258
254
252
249
247
245
242
240
238
236
234
231
229
227
225
222
222
220
218
216
214
212
211
209
208
206
204
203
201
200
199
196
298
412
466
498
519
534
546
555
562
568
573
576
580
582
585
587
589
586
559
538
521
506
492
479
467
456
447
437
428
419
411
403
396
389
383
375
369
363
357
352
346
341
336
331
326
322
317
313
309
305
300
297
294
289
287
283
280
276
273
270
267
265
261
258
256
254
251
248
246
243
241
239
237
234
232
230
228
226
224
222
219
219
217
215
213
211
209
208
206
205
203
200
200
198
253
390
453
490
513
530
543
552
560
565
571
575
578
581
584
586
589
590
591
562
541
524
508
494
481
470
458
448
438
430
421
413
405
398
390
383
377
371
365
361
353
348
343
337
333
328
324
318
314
310
306
302
299
295
291
288
284
280
278
274
271
269
265
262
260
257
254
252
249
247
244
242
240
237
235
233
231
229
226
227
223
221
218
217
215
213
212
210
208
207
205
204
202
201
199
198
195
194
193
192
191
307
415
466
498
519
535
544
555
562
568
572
576
579
582
584
586
588
590
591
593
594
595
595
595
598
598
598
599
600
571
551
534
519
505
492
481
470
460
450
441
432
424
416
409
402
395
387
382
375
369
364
358
353
347
342
338
333
329
324
320
315
312
307
304
300
296
293
289
286
283
280
277
274
271
267
265
262
260
257
254
252
250
247
245
242
240
240
236
234
231
230
227
226
224
222
219
219
216
215
228
370
445
486
512
531
543
553
560
567
572
576
579
583
585
587
589
591
592
592
594
595
596
597
598
598
599
599
600
584
562
544
527
513
500
488
477
466
456
446
438
429
421
414
406
399
392
386
379
374
368
362
357
351
347
341
337
333
328
324
319
315
311
307
303
300
296
293
289
286
283
280
276
274
271
267
265
262
259
257
255
252
250
247
245
243
240
238
236
234
232
230
240
372
449
490
514
532
545
554
562
568
572
576
580
583
585
587
589
591
592
594
595
596
597
597
598
599
599
600
600
577
556
539
524
510
496
485
474
464
454
445
436
428
420
413
405
398
391
385
379
372
367
361
356
351
345
341
336
331
326
323
319
315
311
307
303
299
296
292
289
285
282
279
276
273
271
267
265
262
259
256
253
252
250
247
245
242
240
238
236
234
231
230
228
226
224
222
221
219
272
400
460
495
518
534
546
555
563
569
573
577
581
584
585
588
590
591
592
593
594
595
596
597
597
599
599
600
571
551
534
519
506
493
481
470
460
450
442
433
424
417
409
402
395
388
382
376
370
365
359
354
348
343
339
334
329
325
321
317
313
309
305
301
297
294
291
287
284
281
278
274
272
269
266
264
261
258
256
253
251
248
246
244
241
238
237
235
233
231
229
226
225
329
429
477
506
526
539
550
558
564
570
574
578
581
584
586
588
590
591
592
594
595
595
596
597
598
598
599
592
564
548
531
517
503
491
480
469
459
449
440
432
424
416
408
401
394
388
381
375
369
364
358
353
348
343
338
334
329
325
320
316
312
308
304
301
297
293
291
287
283
280
277
274
272
269
265
263
261
258
254
252
251
248
246
243
241
238
236
234
233
231
228
227
225
223
221
219
236
371
445
486
512
529
543
552
560
566
571
576
579
582
584
587
589
590
592
592
594
595
595
596
597
597
598
599
595
569
550
532
518
504
492
480
469
459
449
440
432
424
416
408
401
394
388
382
376
369
364
359
353
348
343
338
334
329
325
320
316
313
309
304
301
298
294
290
287
284
280
278
274
272
269
266
263
261
258
256
253
249
248
246
244
241
239
237
235
232
231
229
227
224
251
384
453
491
515
532
544
554
561
566
571
576
579
582
585
587
589
590
592
593
594
595
596
596
597
598
599
599
586
562
544
528
513
500
488
477
466
457
447
438
430
421
414
406
400
392
386
380
374
368
363
357
351
346
343
337
332
328
324
320
315
311
307
304
300
296
292
289
286
283
280
277
274
271
268
265
262
260
257
255
252
250
248
245
243
240
239
236
234
231
230
227
226
224
223
223
219
217
215
295
411
466
498
520
536
547
556
563
568
573
576
580
583
585
587
589
590
592
593
594
595
596
597
597
598
599
599
578
558
539
524
510
497
485
474
464
453
444
436
427
419
411
405
398
390
384
378
372
367
361
355
350
345
340
336
331
327
322
318
314
310
306
303
299
295
292
288
285
282
279
276
272
270
267
264
262
261
256
254
251
249
246
244
242
240
238
235
234
231
230
227
225
318
424
473
503
524
538
548
557
564
570
574
578
581
584
586
588
590
591
593
593
594
596
596
597
598
598
599
599
578
557
539
524
510
497
485
474
463
454
444
436
428
420
411
404
398
391
384
378
372
366
361
355
349
345
340
336
331
327
322
318
314
311
306
302
299
295
292
289
285
282
279
276
273
270
267
264
262
258
258
254
252
248
247
244
242
240
238
236
234
231
230
228
227
224
223
293
413
467
499
521
536
547
556
563
569
574
577
580
583
585
587
589
591
592
593
594
595
595
597
598
598
599
579
557
539
524
510
497
485
474
463
453
444
435
427
419
411
404
397
390
383
377
372
366
361
355
350
345
340
336
330
326
322
318
314
309
306
302
298
295
292
288
285
282
278
276
273
269
267
264
261
259
256
253
251
249
246
243
242
240
238
236
233
232
230
227
224
224
222
219
218
312
420
470
501
522
536
548
556
563
568
573
577
581
583
586
587
589
591
592
593
594
596
596
596
598
598
588
564
545
529
515
501
489
477
467
457
447
438
430
